2352.75604989
1681.21279518
1376.44942856
1351.50499185
1334.6487919
1175.47610547
1079.26441307
989.919261767
786.448617981
669.161693085
615.327923324
615.327923324
615.327923324
601.679462946
601.679462946
564.802299739
564.212588879
564.212588879
540.377936548
540.377936548
521.399804177
521.399804177
521.399804177
521.399804177
520.687894563
520.687894563
520.687894563
520.687894563
520.687894563
493.075918641
493.075918641
493.075918641
493.075918641
493.075918641
493.075918641
493.075918641
493.075918641
493.075918641
493.075918641
493.075918641
493.075918641
493.075918641
493.075918641
493.075918641
493.075918641
492.656250232
487.503958421
487.503958421
487.503958421
487.503958421
487.503958421
487.503958421
487.503958421
487.503958421
487.503958421
487.503958421
487.503958421
487.503958421
480.663314631
478.832379422
478.832379422
464.011333496
464.011333496
464.011333496
464.011333496
464.011333496
464.011333496
464.011333496
464.011333496
464.011333496
464.011333496
464.011333496
464.011333496
464.011333496
387.121349367
387.121349367
387.089237738
387.089237738
387.089237738
358.759427914
358.759427914
358.759427914
358.759427914
321.129331897
321.129331897
321.129331897
321.129331897
298.135570913
298.135570913
298.135570913
269.244727659
269.244727659
269.244727659
268.687713511
268.687713511
261.188951642
258.420790247
258.106696087
255.725631995
255.725631995
254.40858906
254.40858906
254.40858906
254.40858906
198.563579314
198.563579314
198.563579314
198.337094965
198.307362666
198.307362666
196.516749206
196.516749206
196.516749206
146.324894842
144.159319341
144.159319341
143.707151182
143.707151182
143.707151182
143.707151182
63.7523021759
63.7523021759
63.7523021759
63.7523021759
63.7523021759
46.1094328562
46.1094328562
46.1094328562
